   1.0877291e+00  -1.9985131e+00  -1.1733130e+00  -2.2994322e+00   4.3890281e-01   9.3552837e-01
  -1.3962961e-02   5.5855450e-01  -1.2504983e+00  -1.0513832e+00  -7.4324288e-02   6.5092964e-01
  -6.7269436e-01   1.0404307e+00  -1.3497664e+00  -1.1116191e+00  -4.5417894e-01   7.7572044e-02
  -6.8729217e-01   8.1132158e-01  -1.2843207e+00  -1.1823835e+00  -6.5747419e-01   2.7249916e-01
  -7.0339089e-01   3.9794877e-01  -1.1081702e+00  -1.6701927e+00  -4.6170067e-01   5.7848890e-01
  -7.0844859e-01   2.7575830e-01  -1.2266275e+00  -1.6782500e+00  -5.3978148e-01   5.8180492e-01
  -5.6135105e-01   5.5587746e-02  -1.4697045e+00  -1.8648723e+00  -2.7500858e-01   6.3598468e-01
  -6.5060674e-01   1.1756918e-01  -1.6866213e+00  -1.7821488e+00  -5.6657225e-01   4.4325797e-01
  -6.8655587e-01   2.3920866e-01  -8.3711247e-01  -1.2662949e+00  -3.5390216e-01   6.6913702e-01
  -1.3760730e+00   4.9902394e-01   4.9769313e-01   2.4855598e-01  -1.3495847e-01   4.8677262e-01
  -8.5673118e-01  -4.0653059e-02  -8.4623441e-01  -1.8119054e-02   4.0464981e-01  -2.0288157e-01
  -5.1637047e-01   1.3271587e-01  -1.6765762e+00  -7.2954911e-01   1.0028973e-01   1.9038124e-01
  -1.4180097e+00   3.3711278e-01  -2.7494281e-01  -3.1973571e-01  -2.6245592e-01  -8.1883185e-01
  -8.8499148e-01   9.4991643e-01  -7.8741076e-01  -3.9584408e-01   2.7255901e-01  -7.2278117e-01
  -7.7305825e-01   1.5036777e+00  -1.2382546e+00   6.1605631e-01   9.2917443e-01  -1.1409057e+00
  -7.1938305e-02  -3.4155658e-01  -1.9576853e+00  -1.3510827e-01   1.3305966e+00  -5.7656674e-01
  -1.2965132e+00  -1.1073346e-01   5.8209673e-01  -1.1829736e+00  -1.1345055e+00  -3.3928728e-01
  -1.3122349e+00  -8.1755684e-04   5.6058880e-01  -1.0052677e+00  -1.3006680e+00  -5.3970689e-01
  -6.8640605e-01   2.0794544e-01  -1.0198230e+00  -7.5103970e-01  -3.2190270e-01   1.9429512e-04
   2.3220735e-01   8.8736570e-01  -1.9363783e+00   5.8575654e-01   1.1365755e+00  -5.4944686e-01
   2.0252170e-01  -1.7550994e-01  -8.8877645e-01  -7.8999583e-02   7.5287808e-01   4.5414451e-01
   8.7894462e-01  -5.3248055e-01  -4.4200330e-01  -6.6042639e-01   3.8499547e-01   6.7682300e-01
   2.7226837e-01   8.1241168e-01  -1.2572240e-01  -6.9928977e-01   1.2207561e+00  -2.6505637e-01
   6.1080878e-01   2.8325789e-01  -6.5094332e-01  -1.8145912e-01   6.9742833e-01   2.2177543e-01
   1.5343886e-02   1.0342794e+00   3.0868974e-01  -1.0064881e+00   3.8209213e-01  -5.7510610e-02
   9.3031941e-02   1.0066913e+00   3.1802760e-01  -7.3176577e-01   6.7623281e-01  -2.3836917e-01
   9.5887513e-01  -2.1851809e-01  -5.3365477e-01  -3.6717822e-02   7.4869678e-01  -3.3429607e-03
   8.0435397e-01  -7.8765807e-01   6.0532827e-01  -1.8187120e+00  -4.2887569e-01   1.4521340e+00
   7.6798231e-01   3.9194768e-02  -1.1980527e+00  -1.7850051e-01   7.4664770e-01   1.4219089e-01
   1.9369062e-01   8.8625087e-01   9.8373835e-02  -3.6238289e-01  -3.7907813e-01   3.0028463e-01
   8.9397146e-01  -9.3716172e-02  -1.1691184e+00  -1.0008531e-02   9.1527192e-01   5.9035438e-02
   9.4602814e-01  -1.0708392e-01  -1.3461350e+00   2.4833721e-01   1.2703908e+00  -4.0218992e-02
   1.1086161e+00  -9.0774603e-01  -4.0872330e-01  -1.2698463e+00   1.5745391e+00   7.8180651e-01
   6.8008053e-01  -9.0703062e-01  -4.9973793e-02  -2.3080775e+00  -1.5121179e-01   1.3678123e+00
   3.7662268e-01   1.0105414e+00  -8.0280450e-01   6.4999161e-01   4.1794694e-01  -4.1689154e-01
   5.4053460e-01   4.1589168e-01  -4.5232565e-01  -1.3457586e-01   5.9423148e-02   1.1976999e-01
   6.7546427e-01   1.7051386e-01  -4.8119137e-01  -2.9754539e-01   3.2900952e-01   2.2914490e-01
  -1.0205056e+00   2.0859737e+00  -1.2532228e-02  -1.4122016e-02  -4.4971166e-01  -7.4593969e-02
  -1.1163937e+00   3.7383893e-01   3.1856916e-02  -9.1010551e-01  -4.3031441e-01  -4.8933821e-01
  -1.2441766e-01   9.2864002e-01  -1.6031664e+00  -4.1100963e-03   2.1346846e+00  -6.0345565e-01
  -1.0635089e+00   7.8308960e-01   2.8912776e-01  -1.9476688e+00  -1.4423149e+00  -1.0813756e+00
  -1.5030353e+00  -5.3774559e-01   7.4172990e-01   5.7378629e-02   3.8763991e-01   1.3224625e+00
  -1.4170536e+00   2.1505091e-01   7.1315149e-01  -3.5511148e-02   8.9136412e-02   7.4256326e-01
  -1.5660427e+00  -4.3183076e-01   8.8582919e-02   6.8669555e-01   4.2835561e-01  -3.4771661e-01
  -1.5733404e+00   3.5176649e-01   2.4612479e-01   1.1846644e+00   4.3376235e-01  -1.6089726e-01
   2.1395470e-02   1.1841008e+00   1.3494397e+00  -2.2737473e-01  -8.1517069e-01  -2.7748085e-01
   6.6500365e-01   9.5537337e-02   4.6086506e-01   1.1513687e-01  -2.1675968e+00   6.1961292e-01
  -4.6656883e-02   1.1643325e+00   1.4617749e+00  -6.7152067e-01  -9.4255033e-01   2.3957578e-02
   7.0352552e-01  -2.3692426e-01   1.5460009e+00  -6.7699287e-01   2.0209643e-01   1.4592310e-01
   9.9085083e-01  -5.0246986e-01   1.5478124e-01   5.0141276e-01  -1.7701203e+00   6.6943215e-01
   4.3755589e-01   2.2018324e-01   2.5532135e+00  -9.3499878e-01  -6.6820162e-01   2.2655690e-01
   7.7943868e-01   9.1661889e-02   1.5157542e+00   7.3288453e-01  -2.5706336e+00   3.0232725e-01
   6.4375932e-01  -4.4086142e-01   6.2518936e-01  -1.1381162e+00   6.0123644e-01   3.2430664e-01
   2.2179373e-01  -7.5835915e-01  -1.5986516e+00  -6.1578534e-01  -8.2524981e-01   4.9109830e-01
   9.8611654e-01  -1.4283972e-01  -9.3810542e-01   1.2499751e+00  -5.4565369e-01  -1.2770510e-01
   1.5370996e+00  -1.0890198e+00  -2.3224391e+00   1.2572307e+00   1.1049741e-01   3.3165880e-02
   1.2687762e+00  -2.4750878e-01  -2.9941422e-01   2.0801257e+00  -7.1306756e-01  -6.8041966e-01
   9.4515822e-01   4.2314191e-01  -1.5164779e+00   1.7556657e+00  -5.5372016e-01  -8.3358159e-01
   9.2485621e-01  -3.6764360e-01   4.7224773e-01  -9.0619043e-02   1.5289939e+00  -5.0028449e-01
   1.0139335e+00  -4.7350208e-02  -1.8672565e+00   1.2537555e+00  -1.0163760e-01  -3.6805396e-01
   5.3270392e-01  -1.4497230e-01   2.1696737e+00  -1.0823482e+00  -2.3402744e-01   1.8461130e-01
   9.1716324e-01  -1.6010278e-01   1.0751392e-01   9.6922313e-01  -1.5552570e+00   1.3665648e-01
   1.2844498e+00  -8.5241264e-01  -2.4128864e-02   8.9196748e-01  -1.4216372e+00   3.8629280e-01
   9.9202506e-01  -1.7717279e-01  -2.5470850e-01   1.1026705e+00  -1.5353829e+00  -2.6248060e-02
   8.4132792e-01   1.3467591e-01  -4.4697931e-01   1.0862527e+00  -1.4561739e+00  -2.6051484e-02
   8.0794848e-01   2.1629240e-01  -3.9771308e-01   1.0883811e+00  -1.5557311e+00  -5.0285382e-02
   4.3196586e-01   1.7453003e-01   1.0602784e+00  -4.5038512e-01  -2.5327525e+00   8.4792555e-01
  -1.9479019e+00  -2.1920647e+00  -2.1147067e-01   1.2267947e+00  -5.3545414e-02  -1.6818280e+00
  -1.9026000e+00  -3.8873979e+00   1.1703697e+00   1.7079295e-01   8.0363951e-01  -2.0494385e-01
  -1.8359364e+00  -2.0826722e+00  -2.7632674e-03   9.9034203e-02  -4.3290928e-01  -1.5228266e+00
  -1.8598877e+00  -1.8021897e+00  -1.1169640e-02   7.3320567e-01  -2.0834152e-01  -1.4775055e+00
  -2.0460609e+00  -2.0988178e+00  -4.2513241e-02   1.0171641e+00  -9.0218871e-02  -1.5303804e+00
  -1.9186861e+00  -1.9838499e+00  -7.0159541e-02   5.3503959e-01  -2.8324293e-01  -1.4226435e+00
  -1.5714607e+00  -2.1996053e+00   6.9740816e-02   1.5593722e-01  -2.1082890e-01  -1.0949982e+00
   7.3717967e-01   3.0205740e-01  -8.5338050e-01   1.1705840e+00  -8.7638426e-01  -2.2671990e-01
   2.4807239e+00  -4.2974444e+00   1.7578247e+00  -2.0754055e-01  -7.3575051e-01   2.4288776e+00
   9.0624064e-01  -2.1440035e-01  -3.2465950e-01   7.5162972e-01  -1.2031161e+00   1.3923060e-01
   8.3209691e-01  -4.2094991e-01  -2.6148047e-01   2.1779143e-02  -1.3243526e+00   5.8667168e-01
   9.1861851e-01  -1.1642866e-01  -8.9010518e-01   6.3344745e-01  -7.2666633e-01   6.1518978e-02
   5.7358740e-01   9.5683701e-02   8.8639908e-01  -7.8297410e-01   1.6127440e+00  -4.4742723e-01
   2.4869071e-01   8.2122948e-01   3.6858102e-01  -2.9236518e-01   3.6552709e-01  -3.6426597e-01
   8.9145159e-01  -3.0761801e-01   3.6362901e-01  -3.6977880e-02   1.3755255e+00  -5.0283776e-01
   8.5580226e-01  -4.5637326e-01   5.8875870e-01  -7.8594973e-01   1.8191141e+00  -2.9860304e-01
  -1.3519276e+00   1.6224476e+00   1.6499661e-01   1.5961437e+00   3.4657734e-01   2.6396452e+00
  -1.4426137e+00   1.3878881e+00   1.2964290e-01   1.7121630e+00   7.7115479e-01   3.4730555e+00
  -1.4080588e+00   1.4291816e+00   4.3383777e-01   1.4772055e+00   4.9515744e-01   2.9112786e+00
   4.5591059e-01   8.9336840e-01   1.0595550e+00   7.0332535e-01   3.8303869e-01  -1.0467782e+00
   1.9037462e-01   1.0940513e+00   6.5679887e-01  -1.1049747e-02   3.3361560e-01  -5.8935331e-01
   9.5498320e-01  -1.9716361e-01   1.2408624e+00   1.2696740e-01   7.9659602e-01  -9.3337923e-01
  -5.5637580e-01  -1.1510681e+00  -1.1738366e+00  -1.1790420e+00  -1.1902774e+00   6.5865565e-01
   5.4091802e-01  -1.5229201e-02  -6.4301282e-02  -4.4204954e-01   6.3685726e-01   4.5600049e-02
   1.0965292e+00  -3.4312011e-01  -7.0990185e-01   1.1492655e+00  -6.1690942e-01  -2.1966065e-01
   9.5168373e-01  -1.0566380e+00  -2.9488156e-01  -8.5181859e-01   2.3506731e+00   2.0829594e-01
   3.9726002e-01   6.8927435e-01   4.5396365e-01  -3.2540623e-01   7.0707635e-01  -5.7162658e-01
   2.6153096e-01   6.7623672e-01   2.3713797e+00  -4.4646751e-01  -1.0831888e+00  -2.4689291e-02
   1.1498138e-01   1.3020280e+00   2.4283445e-01   1.7219069e-01   8.5123489e-02  -5.1266009e-01
   3.8667649e-02   1.4187433e+00   9.2231164e-01   6.8050969e-02  -7.4206472e-03  -6.3215335e-01
   1.0515890e+00  -2.2370387e-01   2.2957883e+00   3.2409467e-01   1.7105051e+00  -1.4408174e+00
   2.2826211e-01   1.2224530e+00   5.8884945e-01   3.5817702e-01   7.3285939e-01  -9.4899288e-01
   8.3915676e-02   8.1215173e-01   1.2203704e+00  -9.1947417e-01  -2.1708255e-01  -1.8307385e-01
   7.3686539e-01  -2.5970999e-01   8.9219542e-01  -6.8520826e-02   1.1002895e+00  -3.9892625e-01
   4.7610966e-01   9.5506369e-01   1.0290245e+00   6.9184591e-01   9.2732738e-01  -1.1779302e+00
   4.9974412e-01   7.6179259e-01   1.7351895e+00   9.8665270e-02   1.1835899e+00  -1.2990739e+00
   7.0270485e-01   2.4162787e-01  -9.4892587e-01   7.8789399e-01  -8.6736088e-01   1.7245306e-02
   7.8010506e-01   4.6738562e-01   1.4042250e-01   1.6814893e+00  -1.4164021e+00  -5.2595498e-01
   5.5367883e-01   4.7680180e-01   9.5511480e-01   1.3343386e-01   1.1187292e-01  -5.4676418e-01
   8.1443950e-01  -2.1458554e-01   1.1859073e+00  -3.1269465e-01   1.7641906e+00  -6.4994254e-01
   1.0794662e+00  -4.4085346e-01  -4.8189399e-01   1.2588695e+00  -3.5527039e-01  -1.6404231e-01
   1.1178930e+00  -1.8395346e-01   1.3772860e-02   1.9421147e+00  -9.6528787e-01  -5.1273206e-01
   2.1250060e-01   9.0812589e-01   1.2350163e+00   1.5595613e-01   5.6707207e-02  -7.2692206e-01
   9.9454684e-01  -5.1774817e-01   3.3312587e-01  -3.3038433e-02   1.4127748e+00  -4.4560234e-01
   4.4901631e-01   7.9725271e-01   8.2793159e-01   1.5137921e-01   8.4565452e-01  -9.4351165e-01
  -8.7114700e-01  -5.8908623e-01   1.9255639e-02  -3.2115855e-02   4.5999792e-01   5.4154344e-01
  -1.0714827e+00   5.1483722e-01   9.0084300e-03  -1.0847454e+00  -1.7267599e+00  -9.5862043e-01
  -1.2624603e+00  -3.8483666e-01   8.8187144e-02  -1.1883469e+00  -1.5051438e+00  -9.6796166e-01
  -9.6658484e-01  -1.2897364e+00   8.8952776e-01  -1.3374820e-02   1.3581186e+00   1.4985917e+00
  -1.4155623e+00   4.5580155e-01   9.2894331e-01   1.8959338e-01   5.4298657e-01   1.1127498e+00
  -1.3579912e+00   1.0345761e+00   5.8179175e-01   9.2147665e-01  -5.6622663e-01  -3.9263115e-01
  -1.3255367e+00  -3.2207160e-02   7.1488843e-01   2.3883133e+00   1.5858301e+00   5.6201934e+00
  -2.0941329e+00  -1.1773627e+00   1.7197927e-01   3.0664786e+00   1.0656065e+00  -5.7945238e-01
