4363.838 0 7947.47 6759.055
5226.314 0 9427.233 6271.305
4869.912 0 8383.498 7652.633
3628.972 0 6894.41 5410.294
4605.371 0 7573.938 6072.31
4170.635 0 8811.372 5937.05
4431.712 0 7775.528 6377.415
4816.069 0 8500.746 7407.426
4341.4 0 7945.992 6769.315
4191.404 0 6875.062 6551.33
4031.852 0 8916.241 7324.021
4546.972 0 8833.094 6897.205
4613.703 0 7390.353 6283.6
4629.555 0 8144.642 7436.478
4788.403 0 8610.734 7112.16
4183.459 0 6619.648 6020.312
4818.034 0 8986.281 7121.551
4497.562 0 9126.499 7736.657
4394.623 0 7932.694 6089.059
4527.853 0 8786.554 6400.367
4199.976 0 8462.552 7223.177
3957.094 0 7334.922 6685.747
4196.496 0 8730.843 6630.023
3932.36 0 8313.054 6687.494
4588.689 0 8551.135 6714.235
4524.953 0 8883.432 6071.81
4472.928 0 8746.893 7493.716
5068.71 0 8603.884 7319.669
4875.03 0 9083.025 7838.741
4548.843 0 9341.037 6960.669

